{
  "camera_angle_x": 1.0695784522043132,
  "camera_angle_y": 0.6432742336648607,
  "fl_x": 1080.4085142555011,
  "fl_y": 1080.4085142555011,
  "k1": 0,
  "k2": 0,
  "k3": 0,
  "k4": 0,
  "p1": 0,
  "p2": 0,
  "is_fisheye": false,
  "cx": 640.0,
  "cy": 360.0,
  "w": 1280.0,
  "h": 720.0,
  "aabb_scale": 32,
  "frames": [
    {
      "file_path": "./images/00006851.png",
      "sharpness": 364.8768010710494,
      "transform_matrix": [
        [
          -0.9677962135299641,
          0.13408306466115677,
          0.21305450221830785,
          0.6274068627546646
        ],
        [
          0.020241067649728717,
          -0.8021561442528856,
          0.5967711616842083,
          0.19068068487170634
        ],
        [
          0.250919884275173,
          0.5818653212143352,
          0.7736096946852491,
          2.435088198921735
        ],
        [
          0.0,
          0.0,
          0.0,
          1.0
        ]
      ]
    },
    {
      "file_path": "./images/00006831.png",
      "sharpness": 394.5773869431059,
      "transform_matrix": [
        [
          -0.966277739537358,
          0.1348940057076961,
          0.21934205562559278,
          0.7856315208453796
        ],
        [
          0.023163041219555775,
          -0.8028204168318087,
          0.5957708047895931,
          0.19588794650563815
        ],
        [
          0.25645819086785016,
          0.5807606956100785,
          0.7726229422162012,
          2.390661942175561
        ],
        [
          0.0,
          0.0,
          0.0,
          1.0
        ]
      ]
    },
    {
      "file_path": "./images/00006810.png",
      "sharpness": 389.49782565434657,
      "transform_matrix": [
        [
          -0.9645315827281368,
          0.13592226590319467,
          0.2262829282536613,
          0.9444442882465117
        ],
        [
          0.02644577106273106,
          -0.803167004328865,
          0.5951666861900722,
          0.2241261231423227
        ],
        [
          0.2626393861933069,
          0.5800412923339715,
          0.771085372753933,
          2.349137447767025
        ],
        [
          0.0,
          0.0,
          0.0,
          1.0
        ]
      ]
    },
    {
      "file_path": "./images/00006792.png",
      "sharpness": 390.8168248691135,
      "transform_matrix": [
        [
          -0.9630192884357952,
          0.13678371219201096,
          0.23212941702193424,
          1.0764517584146478
        ],
        [
          0.029494867683151557,
          -0.8028517139089969,
          0.5954487200875624,
          0.26698389886615
        ],
        [
          0.26781318665831455,
          0.5802752291591585,
          0.7691272687557873,
          2.3154524180364287
        ],
        [
          0.0,
          0.0,
          0.0,
          1.0
        ]
      ]
    },
    {
      "file_path": "./images/00006771.png",
      "sharpness": 381.672094231442,
      "transform_matrix": [
        [
          -0.9613619555628778,
          0.1380761508600988,
          0.23815576211239003,
          1.213184595804906
        ],
        [
          0.03261284102889929,
          -0.8018999557236048,
          0.5965675683530582,
          0.33737492153618037
        ],
        [
          0.2733488486594059,
          0.581284300147175,
          0.7664130540423476,
          2.2848057950657785
        ],
        [
          0.0,
          0.0,
          0.0,
          1.0
        ]
      ]
    },
    {
      "file_path": "./images/00006751.png",
      "sharpness": 544.0537643539948,
      "transform_matrix": [
        [
          -0.9598330055662385,
          0.1393739164354877,
          0.2435066999293238,
          1.3280115542173347
        ],
        [
          0.035511574620004135,
          -0.8005669136521891,
          0.5981902246222294,
          0.4223763577331804
        ],
        [
          0.2783155215950727,
          0.582810027544509,
          0.7634611596540872,
          2.2624916419959553
        ],
        [
          0.0,
          0.0,
          0.0,
          1.0
        ]
      ]
    },
    {
      "file_path": "./images/00006730.png",
      "sharpness": 432.9918832137955,
      "transform_matrix": [
        [
          -0.9584457860101967,
          0.14053725608456769,
          0.2482558257098338,
          1.4284751871310075
        ],
        [
          0.03829414668586807,
          -0.7989761927098126,
          0.6001421513380895,
          0.5264154574800444
        ],
        [
          0.28269282565341824,
          0.5847104609624395,
          0.7603936107258595,
          2.2492415515849107
        ],
        [
          0.0,
          0.0,
          0.0,
          1.0
        ]
      ]
    },
    {
      "file_path": "./images/00006711.png",
      "sharpness": 452.40266535863867,
      "transform_matrix": [
        [
          -0.9573834271264187,
          0.14165122501957875,
          0.25169804127462236,
          1.49793780912691
        ],
        [
          0.04034951377923487,
          -0.7973261058892466,
          0.6021984702782355,
          0.6306717852009943
        ],
        [
          0.285987570129274,
          0.5866907288698805,
          0.7576312417378356,
          2.24256380646492
        ],
        [
          0.0,
          0.0,
          0.0,
          1.0
        ]
      ]
    },
    {
      "file_path": "./images/00006635.png",
      "sharpness": 473.15921436262704,
      "transform_matrix": [
        [
          -0.9552534533200259,
          0.14737650500199678,
          0.2564585848844145,
          1.543204983951548
        ],
        [
          0.04280581116138617,
          -0.7890273447680932,
          0.6128650028670305,
          1.1351798528734593
        ],
        [
          0.292674738434914,
          0.596419328162997,
          0.7474125250109114,
          2.285760812128178
        ],
        [
          0.0,
          0.0,
          0.0,
          1.0
        ]
      ]
    },
    {
      "file_path": "./images/00006615.png",
      "sharpness": 447.6370371466694,
      "transform_matrix": [
        [
          -0.9554072901842591,
          0.14818394576983196,
          0.2554181437294725,
          1.5259888672121946
        ],
        [
          0.04207445128306493,
          -0.7878314434938043,
          0.6144520788408765,
          1.2611268089134737
        ],
        [
          0.2922783783980152,
          0.5977985738386036,
          0.7464651463431435,
          2.297495084061122
        ],
        [
          0.0,
          0.0,
          0.0,
          1.0
        ]
      ]
    },
    {
      "file_path": "./images/00006595.png",
      "sharpness": 447.35713870774254,
      "transform_matrix": [
        [
          -0.9557497184226227,
          0.1487613716194558,
          0.2537962373959291,
          1.5120580572641307
        ],
        [
          0.04105263764365353,
          -0.7868352981943795,
          0.615796146835978,
          1.3915291808883283
        ],
        [
          0.2913025175733332,
          0.59896599891336,
          0.7459105680097924,
          2.3104766132372667
        ],
        [
          0.0,
          0.0,
          0.0,
          1.0
        ]
      ]
    },
    {
      "file_path": "./images/00006552.png",
      "sharpness": 463.6098511740179,
      "transform_matrix": [
        [
          -0.9562910208976467,
          0.14974123889099783,
          0.25116736410863866,
          1.5134438690792926
        ],
        [
          0.03980487423478122,
          -0.784281800675669,
          0.6191265049376103,
          1.6762829343308339
        ],
        [
          0.28969476247369574,
          0.602062802811805,
          0.7440412126577634,
          2.332470929158897
        ],
        [
          0.0,
          0.0,
          0.0,
          1.0
        ]
      ]
    },
    {
      "file_path": "./images/00006529.png",
      "sharpness": 455.1960926210744,
      "transform_matrix": [
        [
          -0.9564327270985411,
          0.15014767775915505,
          0.2503839321237196,
          1.522668696516611
        ],
        [
          0.03943130208078876,
          -0.7833260232850086,
          0.6203591811691715,
          1.8248484726797378
        ],
        [
          0.28927774027405895,
          0.603204787889995,
          0.7432781262192859,
          2.3396866625895254
        ],
        [
          0.0,
          0.0,
          0.0,
          1.0
        ]
      ]
    },
    {
      "file_path": "./images/00006505.png",
      "sharpness": 464.3367396712648,
      "transform_matrix": [
        [
          -0.9564133240860722,
          0.1506734173925648,
          0.2501421093483281,
          1.533228316487509
        ],
        [
          0.03944191332716821,
          -0.7820995583264619,
          0.6219040250222074,
          1.9832901216306915
        ],
        [
          0.289340437980464,
          0.6046633792303892,
          0.7420675904757547,
          2.3480728080662674
        ],
        [
          0.0,
          0.0,
          0.0,
          1.0
        ]
      ]
    },
    {
      "file_path": "./images/00006457.png",
      "sharpness": 479.4827336063338,
      "transform_matrix": [
        [
          -0.955975698795597,
          0.15347155410875762,
          0.2501138649876644,
          1.5081904303945242
        ],
        [
          0.03900661767278398,
          -0.7783108211404168,
          0.6266663781260617,
          2.297328600430758
        ],
        [
          0.29084179059586557,
          0.608833924647004,
          0.7380598248851168,
          2.378207928815625
        ],
        [
          0.0,
          0.0,
          0.0,
          1.0
        ]
      ]
    },
    {
      "file_path": "./images/00006411.png",
      "sharpness": 463.181672761663,
      "transform_matrix": [
        [
          -0.9559862160063601,
          0.15509414933714538,
          0.24907059183007357,
          1.4440404964790463
        ],
        [
          0.03761911714101915,
          -0.7770828143844638,
          0.62827311068836,
          2.597736732669643
        ],
        [
          0.29098996013333106,
          0.609990249475949,
          0.7370459542751755,
          2.410149120176008
        ],
        [
          0.0,
          0.0,
          0.0,
          1.0
        ]
      ]
    },
    {
      "file_path": "./images/00006388.png",
      "sharpness": 459.04096954541626,
      "transform_matrix": [
        [
          -0.9560759287989802,
          0.15576738439542293,
          0.24830493429879855,
          1.4114673004289375
        ],
        [
          0.037085512448824874,
          -0.7760240011749109,
          0.6296121142156235,
          2.747622974340358
        ],
        [
          0.29076362084106677,
          0.6111655026138347,
          0.7361611544204865,
          2.43059933877883
        ],
        [
          0.0,
          0.0,
          0.0,
          1.0
        ]
      ]
    },
    {
      "file_path": "./images/00006368.png",
      "sharpness": 483.2170301144814,
      "transform_matrix": [
        [
          -0.9559791243716038,
          0.15701154054227087,
          0.24789370699878488,
          1.3762217469013083
        ],
        [
          0.03655395094021621,
          -0.7744974103218757,
          0.6315200472475483,
          2.872448989611095
        ],
        [
          0.29114896960731373,
          0.612781476194847,
          0.7346639639975517,
          2.450051409757239
        ],
        [
          0.0,
          0.0,
          0.0,
          1.0
        ]
      ]
    },
    {
      "file_path": "./images/00006347.png",
      "sharpness": 476.42720148483903,
      "transform_matrix": [
        [
          -0.9559535826641646,
          0.1580204041223672,
          0.24735056041963444,
          1.3326184144449533
        ],
        [
          0.036033042035106,
          -0.773155830918238,
          0.6331916621363571,
          3.001100810303856
        ],
        [
          0.2912977304070348,
          0.6142146310733355,
          0.7334071306598329,
          2.474408513706299
        ],
        [
          0.0,
          0.0,
          0.0,
          1.0
        ]
      ]
    },
    {
      "file_path": "./images/00006259.png",
      "sharpness": 494.17409163343643,
      "transform_matrix": [
        [
          -0.9564999724720131,
          0.16201456047659335,
          0.2426089135253889,
          1.0493350833421349
        ],
        [
          0.03473613272133807,
          -0.7624498265572902,
          0.6461142801908194,
          3.458492396580168
        ],
        [
          0.2896570451614515,
          0.6264355866358909,
          0.723655478837835,
          2.5936395157738765
        ],
        [
          0.0,
          0.0,
          0.0,
          1.0
        ]
      ]
    },
    {
      "file_path": "./images/00006220.png",
      "sharpness": 503.7634788576658,
      "transform_matrix": [
        [
          -0.9572895487899338,
          0.1637840921205397,
          0.23826768772364046,
          0.8547676108534497
        ],
        [
          0.03263089690535075,
          -0.7576167130192902,
          0.6518835330955797,
          3.5834741711303058
        ],
        [
          0.28728373502828053,
          0.6318161816146419,
          0.7199141395372275,
          2.661687345791306
        ],
        [
          0.0,
          0.0,
          0.0,
          1.0
        ]
      ]
    },
    {
      "file_path": "./images/00006197.png",
      "sharpness": 483.35017947005167,
      "transform_matrix": [
        [
          -0.95783410193103,
          0.16486768592728604,
          0.23531357670630473,
          0.7124861642764128
        ],
        [
          0.030750554968401386,
          -0.7554633298879703,
          0.6544689148950408,
          3.6163657136765743
        ],
        [
          0.28567155373648045,
          0.6341086684155856,
          0.7185387672864495,
          2.7028037700900525
        ],
        [
          0.0,
          0.0,
          0.0,
          1.0
        ]
      ]
    },
    {
      "file_path": "./images/00006158.png",
      "sharpness": 490.4173933750561,
      "transform_matrix": [
        [
          -0.959204149954696,
          0.1651084011055313,
          0.2294920797357042,
          0.44675033439278977
        ],
        [
          0.02728254378536811,
          -0.7538976763582583,
          0.6564251338777296,
          3.634841338539676
        ],
        [
          0.2813948499554079,
          0.63590684026387,
          0.71863720262155,
          2.7819063300806137
        ],
        [
          0.0,
          0.0,
          0.0,
          1.0
        ]
      ]
    },
    {
      "file_path": "./images/00006121.png",
      "sharpness": 644.7814207680595,
      "transform_matrix": [
        [
          -0.9610041685856396,
          0.1642703628811271,
          0.22245501996422043,
          0.1879422820031595
        ],
        [
          0.022797504639892226,
          -0.754639560123974,
          0.6557434010939538,
          3.6164915700884146
        ],
        [
          0.27559256486777695,
          0.6352435613236164,
          0.7214668086987931,
          2.8586237381560458
        ],
        [
          0.0,
          0.0,
          0.0,
          1.0
        ]
      ]
    },
    {
      "file_path": "./images/00005995.png",
      "sharpness": 515.4544528137952,
      "transform_matrix": [
        [
          -0.9666010834805837,
          0.16157457738688855,
          0.19893717959136029,
          -0.15764762285898237
        ],
        [
          0.008060731240347677,
          -0.7566814781013508,
          0.6537340172504433,
          3.759410419336962
        ],
        [
          0.25615887666317777,
          0.6335035885207918,
          0.730106727338867,
          2.976701506162735
        ],
        [
          0.0,
          0.0,
          0.0,
          1.0
        ]
      ]
    },
    {
      "file_path": "./images/00005963.png",
      "sharpness": 499.98198498985386,
      "transform_matrix": [
        [
          -0.967308943066461,
          0.1611328674362765,
          0.1958305588072617,
          -0.06337945957045318
        ],
        [
          0.007299482010383534,
          -0.7541893926900666,
          0.6566163853547564,
          3.809262896523538
        ],
        [
          0.2534958111948601,
          0.6365803633587266,
          0.728357957847832,
          2.949366603354552
        ],
        [
          0.0,
          0.0,
          0.0,
          1.0
        ]
      ]
    },
    {
      "file_path": "./images/00005943.png",
      "sharpness": 608.7931814220849,
      "transform_matrix": [
        [
          -0.9674669328011297,
          0.14874994053756688,
          0.2046489413454171,
          0.02112930993232811
        ],
        [
          0.023399779813548325,
          -0.7528193595109244,
          0.6578111144169094,
          3.8116915047590596
        ],
        [
          0.25191304910271156,
          0.641199241393979,
          0.7248471208434873,
          2.9230198380152026
        ],
        [
          0.0,
          0.0,
          0.0,
          1.0
        ]
      ]
    },
    {
      "file_path": "./images/00005925.png",
      "sharpness": 505.7893418223899,
      "transform_matrix": [
        [
          -0.965851957430112,
          0.11513073716203,
          0.23210969336997395,
          0.11551463766898068
        ],
        [
          0.06860680314241063,
          -0.7502263228769834,
          0.6576120216550451,
          3.788076471691679
        ],
        [
          0.24984615858081805,
          0.6510801623855779,
          0.7167088106462141,
          2.892272307296671
        ],
        [
          0.0,
          0.0,
          0.0,
          1.0
        ]
      ]
    },
    {
      "file_path": "./images/00005736.png",
      "sharpness": 461.47101916031903,
      "transform_matrix": [
        [
          -0.7711241617257572,
          -0.2506609437345408,
          0.585266280043719,
          1.3891839083494977
        ],
        [
          0.5972195197640103,
          -0.6033763648684042,
          0.5284560601707697,
          3.26682382034369
        ],
        [
          0.22067254576819018,
          0.7570376831098599,
          0.614977702005019,
          2.530126422941542
        ],
        [
          0.0,
          0.0,
          0.0,
          1.0
        ]
      ]
    },
    {
      "file_path": "./images/00005719.png",
      "sharpness": 430.4921783311442,
      "transform_matrix": [
        [
          -0.7404091992771508,
          -0.27800469703993524,
          0.6119702657130144,
          1.4964625278511285
        ],
        [
          0.6374219211912788,
          -0.5793012828739393,
          0.5080386973898785,
          3.2306405508082907
        ],
        [
          0.2132780158558182,
          0.7662397876189737,
          0.6061262870803146,
          2.495728679819445
        ],
        [
          0.0,
          0.0,
          0.0,
          1.0
        ]
      ]
    },
    {
      "file_path": "./images/00005684.png",
      "sharpness": 450.76422295934924,
      "transform_matrix": [
        [
          -0.6553242042233669,
          -0.3415865499890006,
          0.6736978672171807,
          1.7170125253540438
        ],
        [
          0.730714591721626,
          -0.5126063070471896,
          0.45087798728782147,
          3.119397473362679
        ],
        [
          0.19132791963613555,
          0.7877521202085576,
          0.5855255966583898,
          2.4204862566665315
        ],
        [
          0.0,
          0.0,
          0.0,
          1.0
        ]
      ]
    },
    {
      "file_path": "./images/00005646.png",
      "sharpness": 491.12578334893016,
      "transform_matrix": [
        [
          -0.5540464759709756,
          -0.3995087612482862,
          0.7303596731866827,
          1.939916123149246
        ],
        [
          0.8161722287265507,
          -0.43350700194644903,
          0.3820138378633864,
          2.9278999851776515
        ],
        [
          0.1639981571212421,
          0.8077527028771271,
          0.56625098280097,
          2.3367228605261516
        ],
        [
          0.0,
          0.0,
          0.0,
          1.0
        ]
      ]
    },
    {
      "file_path": "./images/00005627.png",
      "sharpness": 462.3257247783227,
      "transform_matrix": [
        [
          -0.4996265529906299,
          -0.4245652633463702,
          0.7550613516620248,
          2.0314106020390295
        ],
        [
          0.8533555673197496,
          -0.3910204970552895,
          0.34480029960427816,
          2.8042342114392595
        ],
        [
          0.14885423503072603,
          0.8166071932701858,
          0.5576693542596177,
          2.3002752860230027
        ],
        [
          0.0,
          0.0,
          0.0,
          1.0
        ]
      ]
    },
    {
      "file_path": "./images/00005571.png",
      "sharpness": 479.3212268161057,
      "transform_matrix": [
        [
          -0.33603919610464206,
          -0.47926065749979746,
          0.8107939817990527,
          2.201349455754764
        ],
        [
          0.9357479821300351,
          -0.2677038182897743,
          0.2295874117037347,
          2.3478156458562003
        ],
        [
          0.10702043088716756,
          0.8358492016563086,
          0.5384261690619883,
          2.2141429626412767
        ],
        [
          0.0,
          0.0,
          0.0,
          1.0
        ]
      ]
    },
    {
      "file_path": "./images/00005551.png",
      "sharpness": 631.4844126891796,
      "transform_matrix": [
        [
          -0.27964612119316284,
          -0.4923055101737523,
          0.8242774603381652,
          2.245087322085509
        ],
        [
          0.9553724088894796,
          -0.22780738002052928,
          0.18806211192335393,
          2.1800320383553915
        ],
        [
          0.09519247469483309,
          0.8400827830193359,
          0.5340405513661798,
          2.1928318739878123
        ],
        [
          0.0,
          0.0,
          0.0,
          1.0
        ]
      ]
    },
    {
      "file_path": "./images/00005532.png",
      "sharpness": 486.8898339053956,
      "transform_matrix": [
        [
          -0.2285463184002114,
          -0.5010026817403516,
          0.8347232435376654,
          2.2875675131014535
        ],
        [
          0.9698708423627278,
          -0.19147360606647207,
          0.15062671514273795,
          2.0290169684830857
        ],
        [
          0.08436308127940702,
          0.8439989165482139,
          0.529668480702805,
          2.1750140432797935
        ],
        [
          0.0,
          0.0,
          0.0,
          1.0
        ]
      ]
    },
    {
      "file_path": "./images/00005493.png",
      "sharpness": 556.471250832677,
      "transform_matrix": [
        [
          -0.12677814090655304,
          -0.5112701537895967,
          0.8500177250502458,
          2.386972341686032
        ],
        [
          0.9899441705892549,
          -0.11942608736340732,
          0.07581522784769215,
          1.7460116756543995
        ],
        [
          0.06275222789101255,
          0.851081805449968,
          0.5212695256719594,
          2.136717506559611
        ],
        [
          0.0,
          0.0,
          0.0,
          1.0
        ]
      ]
    },
    {
      "file_path": "./images/00005453.png",
      "sharpness": 480.1176003394785,
      "transform_matrix": [
        [
          -0.025326704386829497,
          -0.513809270487682,
          0.857530519382939,
          2.518897875158376
        ],
        [
          0.9988667648884255,
          -0.04758366978708304,
          0.0009901369105744097,
          1.5145908947334843
        ],
        [
          0.04029570754295843,
          0.8565838125939642,
          0.5144321413200509,
          2.083302968681047
        ],
        [
          0.0,
          0.0,
          0.0,
          1.0
        ]
      ]
    },
    {
      "file_path": "./images/00005414.png",
      "sharpness": 494.3773632637259,
      "transform_matrix": [
        [
          0.06136757724930412,
          -0.5095957113487195,
          0.8582227167261994,
          2.7035133830378175
        ],
        [
          0.9979530091345589,
          0.015824707905568662,
          -0.06196265148586936,
          1.364512221691643
        ],
        [
          0.017994777650878674,
          0.860268440466178,
          0.5095236975673633,
          2.0250970658834637
        ],
        [
          0.0,
          0.0,
          0.0,
          1.0
        ]
      ]
    },
    {
      "file_path": "./images/00005371.png",
      "sharpness": 637.7970800636188,
      "transform_matrix": [
        [
          0.1402763398938323,
          -0.4975059758866351,
          0.8560434290913238,
          2.8991377647876098
        ],
        [
          0.990085480468221,
          0.07685787415020928,
          -0.11757384295539522,
          1.2090923811413472
        ],
        [
          -0.007299988661948711,
          0.8640489981505818,
          0.5033547844493422,
          1.961974553164161
        ],
        [
          0.0,
          0.0,
          0.0,
          1.0
        ]
      ]
    },
    {
      "file_path": "./images/00005352.png",
      "sharpness": 501.3509644317048,
      "transform_matrix": [
        [
          0.1826253009327631,
          -0.48856670961742765,
          0.8532001932607454,
          2.9743390190337675
        ],
        [
          0.9829347066514055,
          0.11021331438134664,
          -0.14728335884739543,
          1.1214420059707964
        ],
        [
          -0.022076275116597415,
          0.8655377494095673,
          0.5003569151031394,
          1.9384239693580905
        ],
        [
          0.0,
          0.0,
          0.0,
          1.0
        ]
      ]
    },
    {
      "file_path": "./images/00005332.png",
      "sharpness": 486.08267683269264,
      "transform_matrix": [
        [
          0.21778566941723113,
          -0.48066869096113757,
          0.8494274611722593,
          3.0453273247266455
        ],
        [
          0.975428249987402,
          0.1368924155183949,
          -0.17262733184588888,
          1.0200292490982517
        ],
        [
          -0.03330362334505087,
          0.8661513009682664,
          0.49867102639977307,
          1.9156473394402278
        ],
        [
          0.0,
          0.0,
          0.0,
          1.0
        ]
      ]
    },
    {
      "file_path": "./images/00005273.png",
      "sharpness": 442.83398157743767,
      "transform_matrix": [
        [
          0.32355366491112214,
          -0.45067426843279035,
          0.8319890202175181,
          3.2229436906232527
        ],
        [
          0.9438471270306888,
          0.21582083354179013,
          -0.2501478934658834,
          0.7062314810867089
        ],
        [
          -0.06682534495322143,
          0.8662067141540656,
          0.4951972351435662,
          1.84946269474544
        ],
        [
          0.0,
          0.0,
          0.0,
          1.0
        ]
      ]
    },
    {
      "file_path": "./images/00005253.png",
      "sharpness": 506.26054224740045,
      "transform_matrix": [
        [
          0.3639233614544721,
          -0.4366209068987698,
          0.8227526789466738,
          3.2763335995236385
        ],
        [
          0.9279752509386356,
          0.24595869817772492,
          -0.2799397300067857,
          0.5976546960394307
        ],
        [
          -0.0801356390434001,
          0.8653707312547013,
          0.49468351186424414,
          1.8304787558592401
        ],
        [
          0.0,
          0.0,
          0.0,
          1.0
        ]
      ]
    },
    {
      "file_path": "./images/00005193.png",
      "sharpness": 494.311808371225,
      "transform_matrix": [
        [
          0.4715745244480022,
          -0.38754712798337027,
          0.7921014401898515,
          3.3865217723982877
        ],
        [
          0.8736747470017667,
          0.32718508370400057,
          -0.3600588249900037,
          0.2613463693115441
        ],
        [
          -0.119624012480633,
          0.8618335945255712,
          0.4928822892463263,
          1.7875174229186597
        ],
        [
          0.0,
          0.0,
          0.0,
          1.0
        ]
      ]
    },
    {
      "file_path": "./images/00005174.png",
      "sharpness": 423.11167001906017,
      "transform_matrix": [
        [
          0.5086270031449177,
          -0.36723890442180496,
          0.7787388258063466,
          3.394775872692607
        ],
        [
          0.8502985611277879,
          0.3563273691036313,
          -0.3873282367345236,
          0.1396561932171701
        ],
        [
          -0.1352439597084107,
          0.8591661033611654,
          0.49350043390569903,
          1.7849008119609577
        ],
        [
          0.0,
          0.0,
          0.0,
          1.0
        ]
      ]
    },
    {
      "file_path": "./images/00005137.png",
      "sharpness": 421.7187951090198,
      "transform_matrix": [
        [
          0.5868872828457937,
          -0.3191209834626055,
          0.7441270827050281,
          3.3400927241377314
        ],
        [
          0.791820433090892,
          0.41812282571081605,
          -0.44518951510512006,
          -0.12536189564635097
        ],
        [
          -0.16906720262098626,
          0.850491093773638,
          0.49807748441097777,
          1.7911094164454442
        ],
        [
          0.0,
          0.0,
          0.0,
          1.0
        ]
      ]
    },
    {
      "file_path": "./images/00005120.png",
      "sharpness": 412.02050862290986,
      "transform_matrix": [
        [
          0.6229296344142993,
          -0.29345298940908293,
          0.7251510281608206,
          3.283528695853407
        ],
        [
          0.7600494853144196,
          0.44644341812100036,
          -0.4722425799204267,
          -0.25407159254482076
        ],
        [
          -0.18515790686216754,
          0.8453245633935509,
          0.5011416288011362,
          1.8010964202127677
        ],
        [
          0.0,
          0.0,
          0.0,
          1.0
        ]
      ]
    },
    {
      "file_path": "./images/00005102.png",
      "sharpness": 505.5557787012125,
      "transform_matrix": [
        [
          0.6555067940904092,
          -0.2692270209092575,
          0.7055690286435448,
          3.1973798765212345
        ],
        [
          0.7285859493528819,
          0.47125655338723793,
          -0.4970711974107114,
          -0.39005822575591964
        ],
        [
          -0.19867903095665504,
          0.8399012276176241,
          0.5050668971255837,
          1.817794946587296
        ],
        [
          0.0,
          0.0,
          0.0,
          1.0
        ]
      ]
    },
    {
      "file_path": "./images/00005084.png",
      "sharpness": 401.7644224895712,
      "transform_matrix": [
        [
          0.6828048595901464,
          -0.24737963043774627,
          0.6874451557992969,
          3.088448830569282
        ],
        [
          0.6998501612163733,
          0.4915755135711021,
          -0.518230900567402,
          -0.5144652024945818
        ],
        [
          -0.20973143685022144,
          0.834959180410753,
          0.5087788237653741,
          1.8398817412646726
        ],
        [
          0.0,
          0.0,
          0.0,
          1.0
        ]
      ]
    },
    {
      "file_path": "./images/00005028.png",
      "sharpness": 394.7757312265607,
      "transform_matrix": [
        [
          0.7580545934367002,
          -0.18197716390487964,
          0.6262887075894075,
          2.6653872745508713
        ],
        [
          0.6083244638001495,
          0.5435201612364564,
          -0.5783832475720007,
          -0.8282109642256109
        ],
        [
          -0.23514799628632002,
          0.8194328198172065,
          0.5227191155070597,
          1.9327521421442482
        ],
        [
          0.0,
          0.0,
          0.0,
          1.0
        ]
      ]
    },
    {
      "file_path": "./images/00005009.png",
      "sharpness": 395.9927028109659,
      "transform_matrix": [
        [
          0.7796853450145436,
          -0.16040625151770493,
          0.6052772896044807,
          2.512560951670599
        ],
        [
          0.5772626282700714,
          0.5586493441351672,
          -0.5955491317265551,
          -0.915100981670945
        ],
        [
          -0.2426079570425743,
          0.8137448892725986,
          0.5281672409662369,
          1.9676761080079948
        ],
        [
          0.0,
          0.0,
          0.0,
          1.0
        ]
      ]
    },
    {
      "file_path": "./images/00004970.png",
      "sharpness": 400.7062917748897,
      "transform_matrix": [
        [
          0.8225818287917656,
          -0.1121519992028516,
          0.5574774112766835,
          2.188062279915481
        ],
        [
          0.5071687000685203,
          0.5880698673271476,
          -0.6300426499950741,
          -1.0644045645442441
        ],
        [
          -0.25717512450735125,
          0.8009967292445181,
          0.5406155705690922,
          2.0463843928752548
        ],
        [
          0.0,
          0.0,
          0.0,
          1.0
        ]
      ]
    },
    {
      "file_path": "./images/00004933.png",
      "sharpness": 409.68267140450195,
      "transform_matrix": [
        [
          0.8585345859145885,
          -0.06328483407250234,
          0.5088353315486617,
          1.8677690374813822
        ],
        [
          0.43557561352129776,
          0.6135989664975692,
          -0.658612323919646,
          -1.1529807949546804
        ],
        [
          -0.2705406619183469,
          0.78707772051522,
          0.5543612650473337,
          2.12595669752699
        ],
        [
          0.0,
          0.0,
          0.0,
          1.0
        ]
      ]
    },
    {
      "file_path": "./images/00004895.png",
      "sharpness": 446.02010472083873,
      "transform_matrix": [
        [
          0.8953637911423828,
          0.0017848733321859582,
          0.44533189399108003,
          1.533764784260394
        ],
        [
          0.3410168711981544,
          0.6403819381817505,
          -0.6881994382509932,
          -1.1842922240764968
        ],
        [
          -0.2864108502327173,
          0.7680545472280542,
          0.5727661280302923,
          2.2117358147395523
        ],
        [
          0.0,
          0.0,
          0.0,
          1.0
        ]
      ]
    },
    {
      "file_path": "./images/00004827.png",
      "sharpness": 427.559239560233,
      "transform_matrix": [
        [
          0.9389188330347443,
          0.13105671782069644,
          0.31820679086734593,
          0.9478721741083519
        ],
        [
          0.15187235614503372,
          0.6719385264723394,
          -0.7248678528403051,
          -1.1076907405036245
        ],
        [
          -0.3088142038158822,
          0.7289188935635942,
          0.610991844622431,
          2.3938120635158424
        ],
        [
          0.0,
          0.0,
          0.0,
          1.0
        ]
      ]
    },
    {
      "file_path": "./images/00004810.png",
      "sharpness": 450.05118875986756,
      "transform_matrix": [
        [
          0.9443287799265551,
          0.16178035445951694,
          0.28647909588787074,
          0.8059802616956505
        ],
        [
          0.10542522665060915,
          0.6760367494908784,
          -0.729287210174189,
          -1.0891801167027952
        ],
        [
          -0.31165474014589434,
          0.7188890250144736,
          0.6213452282957252,
          2.443534363183618
        ],
        [
          0.0,
          0.0,
          0.0,
          1.0
        ]
      ]
    },
    {
      "file_path": "./images/00004794.png",
      "sharpness": 453.9140358911192,
      "transform_matrix": [
        [
          0.947590849163574,
          0.1918355335523974,
          0.25548133144219837,
          0.6734585819842592
        ],
        [
          0.05981238017726532,
          0.6790025724061746,
          -0.7316952820973388,
          -1.080897329501693
        ],
        [
          -0.31383763608992205,
          0.7086287002160134,
          0.631942484306274,
          2.4917955340132374
        ],
        [
          0.0,
          0.0,
          0.0,
          1.0
        ]
      ]
    },
    {
      "file_path": "./images/00004761.png",
      "sharpness": 478.30493279773094,
      "transform_matrix": [
        [
          0.9484329250570604,
          0.25461734514934353,
          0.18879881960479297,
          0.3969314632773699
        ],
        [
          -0.036972846658998214,
          0.6804184339529168,
          -0.7318905405504068,
          -1.0869186633035361
        ],
        [
          -0.3148142235425151,
          0.6871686563891682,
          0.6547451736356374,
          2.585723588704309
        ],
        [
          0.0,
          0.0,
          0.0,
          1.0
        ]
      ]
    },
    {
      "file_path": "./images/00004693.png",
      "sharpness": 471.0409192798569,
      "transform_matrix": [
        [
          0.91579634242439,
          0.3998075714973774,
          0.038353162096930946,
          -0.13111496222329183
        ],
        [
          -0.25617154928693814,
          0.6549805237185451,
          -0.7108984814201581,
          -1.1407286607843727
        ],
        [
          -0.309343169634277,
          0.6412132401652106,
          0.7022480929877868,
          2.754618799412609
        ],
        [
          0.0,
          0.0,
          0.0,
          1.0
        ]
      ]
    },
    {
      "file_path": "./images/00004675.png",
      "sharpness": 472.4371647010509,
      "transform_matrix": [
        [
          0.8995029270427997,
          0.4369146762811383,
          0.00022351496390281798,
          -0.2554313768759923
        ],
        [
          -0.31201793272626255,
          0.6427283102661284,
          -0.6996750165897407,
          -1.1558728233007156
        ],
        [
          -0.305841942770375,
          0.6292899847242208,
          0.7144612104486603,
          2.7901700783059686
        ],
        [
          0.0,
          0.0,
          0.0,
          1.0
        ]
      ]
    },
    {
      "file_path": "./images/00004654.png",
      "sharpness": 516.3437108061567,
      "transform_matrix": [
        [
          0.8771746554301613,
          0.4783379765347567,
          -0.041921404353466724,
          -0.3859199592686069
        ],
        [
          -0.37407817826601064,
          0.6260178749206157,
          -0.6842274013990053,
          -1.1835291881683612
        ],
        [
          -0.3010484022077901,
          0.6158688176289451,
          0.7280628125841848,
          2.8307688659810175
        ],
        [
          0.0,
          0.0,
          0.0,
          1.0
        ]
      ]
    },
    {
      "file_path": "./images/00004565.png",
      "sharpness": 547.1248595979373,
      "transform_matrix": [
        [
          0.7664631824769951,
          0.6151769250809754,
          -0.18463894719832932,
          -0.9187976431705793
        ],
        [
          -0.5778007983011292,
          0.5348595211252277,
