{
  "camera_angle_x": 1.086639264825092,
  "camera_angle_y": 0.6549794358125853,
  "fl_x": 1059.6885013929655,
  "fl_y": 1059.6885013929655,
  "k1": 0,
  "k2": 0,
  "k3": 0,
  "k4": 0,
  "p1": 0,
  "p2": 0,
  "is_fisheye": false,
  "cx": 640.0,
  "cy": 360.0,
  "w": 1280.0,
  "h": 720.0,
  "aabb_scale": 8,
  "frames": [
    {
      "file_path": "./images/00006241.png",
      "sharpness": 575.8711345617403,
      "transform_matrix": [
        [
          -0.9633658578325699,
          0.253164643719813,
          0.0885092492260917,
          -0.3706641030470305
        ],
        [
          -0.08303227202452754,
          -0.5953573391548064,
          0.7991591083871985,
          3.333959173277568
        ],
        [
          0.2550134620601241,
          0.7625334759377178,
          0.5945677693161223,
          2.461515628911659
        ],
        [
          0.0,
          0.0,
          0.0,
          1.0
        ]
      ]
    },
    {
      "file_path": "./images/00006212.png",
      "sharpness": 555.9726358717165,
      "transform_matrix": [
        [
          -0.9638593498199035,
          0.2524808343001226,
          0.08502106881059508,
          -0.31763687074135505
        ],
        [
          -0.08653962381722385,
          -0.598550565247501,
          0.7963969577746629,
          3.2058714579891507
        ],
        [
          0.25196437712755465,
          0.7602569626078293,
          0.5987681550751839,
          2.4748620607252114
        ],
        [
          0.0,
          0.0,
          0.0,
          1.0
        ]
      ]
    },
    {
      "file_path": "./images/00006189.png",
      "sharpness": 462.52998140641205,
      "transform_matrix": [
        [
          -0.9639937319552891,
          0.2522480977759733,
          0.08418421458412861,
          -0.23579360560977503
        ],
        [
          -0.08828138373501722,
          -0.6021835192351778,
          0.7934616603520522,
          3.116556598181998
        ],
        [
          0.2508435410842902,
          0.7574601681740826,
          0.6027699491456775,
          2.469660087703704
        ],
        [
          0.0,
          0.0,
          0.0,
          1.0
        ]
      ]
    },
    {
      "file_path": "./images/00006166.png",
      "sharpness": 479.32242544280166,
      "transform_matrix": [
        [
          -0.9639237250690386,
          0.2524864337176142,
          0.08427130652493048,
          -0.1191342308599345
        ],
        [
          -0.08910480361653915,
          -0.6044111775105762,
          0.7916738359160325,
          3.046692556645398
        ],
        [
          0.25082142310507066,
          0.7556042147374639,
          0.605104027791607,
          2.4510422633203026
        ],
        [
          0.0,
          0.0,
          0.0,
          1.0
        ]
      ]
    },
    {
      "file_path": "./images/00006144.png",
      "sharpness": 485.72004587899204,
      "transform_matrix": [
        [
          -0.9637230962543784,
          0.25292354407275547,
          0.08524948483938108,
          0.013744492251830285
        ],
        [
          -0.08896056564037286,
          -0.6055262421202787,
          0.7908375230512942,
          3.00618761941329
        ],
        [
          0.2516422293133327,
          0.7545645439572755,
          0.6060598464639138,
          2.4239729477797454
        ],
        [
          0.0,
          0.0,
          0.0,
          1.0
        ]
      ]
    },
    {
      "file_path": "./images/00006121.png",
      "sharpness": 671.9002560016212,
      "transform_matrix": [
        [
          -0.9631670829637323,
          0.2540608702278063,
          0.08810360140229359,
          0.17700850957479905
        ],
        [
          -0.08761081907030677,
          -0.6062484504537711,
          0.7904347921906649,
          2.9927675474504496
        ],
        [
          0.2542312229918327,
          0.7536019443854279,
          0.6061770325092147,
          2.3851877887075714
        ],
        [
          0.0,
          0.0,
          0.0,
          1.0
        ]
      ]
    },
    {
      "file_path": "./images/00006100.png",
      "sharpness": 487.7440113857645,
      "transform_matrix": [
        [
          -0.9626212776849541,
          0.25485330968255887,
          0.09170641394069291,
          0.321374275694922
        ],
        [
          -0.08545962996071362,
          -0.6070797248087306,
          0.7900321888216973,
          3.0089943016305694
        ],
        [
          0.2570154226152771,
          0.7526645988153877,
          0.6061675298917455,
          2.3502290300409863
        ],
        [
          0.0,
          0.0,
          0.0,
          1.0
        ]
      ]
    },
    {
      "file_path": "./images/00006057.png",
      "sharpness": 448.24297741471287,
      "transform_matrix": [
        [
          -0.9612209169951247,
          0.2577603639776516,
          0.09805071931908502,
          0.6067222018223803
        ],
        [
          -0.08198930644302835,
          -0.6065633028699807,
          0.7907962526730382,
          3.1114150015145237
        ],
        [
          0.2633098980801268,
          0.7520907886774744,
          0.6041749276713044,
          2.2736015247415855
        ],
        [
          0.0,
          0.0,
          0.0,
          1.0
        ]
      ]
    },
    {
      "file_path": "./images/00006012.png",
      "sharpness": 428.7650532359548,
      "transform_matrix": [
        [
          -0.9599442328249667,
          0.2606239462101237,
          0.10286995962757235,
          0.8795023533936683
        ],
        [
          -0.07913813818666228,
          -0.6043890536335171,
          0.7927490314933213,
          3.2744644791773427
        ],
        [
          0.26878285848866945,
          0.7528539237793284,
          0.6008050802879643,
          2.2030741756861603
        ],
        [
          0.0,
          0.0,
          0.0,
          1.0
        ]
      ]
    },
    {
      "file_path": "./images/00005988.png",
      "sharpness": 424.5646411280871,
      "transform_matrix": [
        [
          -0.959466179625753,
          0.2619424652187796,
          0.10397497360086141,
          1.014002705676593
        ],
        [
          -0.07845304683094938,
          -0.602603315806964,
          0.7941752723565881,
          3.353877970200251
        ],
        [
          0.2706838925097011,
          0.7538271610480628,
          0.5987276857379429,
          2.164797733078612
        ],
        [
          0.0,
          0.0,
          0.0,
          1.0
        ]
      ]
    },
    {
      "file_path": "./images/00005964.png",
      "sharpness": 419.44843825683625,
      "transform_matrix": [
        [
          -0.9592805118523738,
          0.2632871403761874,
          0.1022779612556254,
          1.1564833967316057
        ],
        [
          -0.07962891253431613,
          -0.5995011126694195,
          0.7964029458747618,
          3.411634954772717
        ],
        [
          0.2709984057808446,
          0.7558295427284674,
          0.596055002890014,
          2.127547717832982
        ],
        [
          0.0,
          0.0,
          0.0,
          1.0
        ]
      ]
    },
    {
      "file_path": "./images/00005919.png",
      "sharpness": 429.99650487025554,
      "transform_matrix": [
        [
          -0.9586672087064493,
          0.2642594315465324,
          0.10547101903138249,
          1.471248278138058
        ],
        [
          -0.07633780306343411,
          -0.595976466060557,
          0.799365117907134,
          3.4352298111889783
        ],
        [
          0.2740980168503952,
          0.7582737004416166,
          0.5915160796160626,
          2.045713509734104
        ],
        [
          0.0,
          0.0,
          0.0,
          1.0
        ]
      ]
    },
    {
      "file_path": "./images/00005874.png",
      "sharpness": 445.30209489304826,
      "transform_matrix": [
        [
          -0.9576868221478062,
          0.26482148240984577,
          0.11271882364768322,
          1.7964138698423016
        ],
        [
          -0.07066567515851736,
          -0.5960065113760813,
          0.7998641139299677,
          3.3429777128319977
        ],
        [
          0.2790023532260432,
          0.7580539696435245,
          0.5895013707101308,
          1.96041212905997
        ],
        [
          0.0,
          0.0,
          0.0,
          1.0
        ]
      ]
    },
    {
      "file_path": "./images/00005852.png",
      "sharpness": 531.3037707048579,
      "transform_matrix": [
        [
          -0.9572198119414692,
          0.2649851217357759,
          0.11624593305248872,
          1.9419458285128708
        ],
        [
          -0.06803181496496916,
          -0.5965639961383106,
          0.7996768539012056,
          3.2631203244865907
        ],
        [
          0.28125060683691244,
          0.7575581058974009,
          0.5890702949649633,
          1.9273568580517986
        ],
        [
          0.0,
          0.0,
          0.0,
          1.0
        ]
      ]
    },
    {
      "file_path": "./images/00005830.png",
      "sharpness": 422.74522024081097,
      "transform_matrix": [
        [
          -0.9565134306378378,
          0.2658465120849773,
          0.12003203358902334,
          2.085988724876617
        ],
        [
          -0.06607587913350435,
          -0.5982922712220813,
          0.7985488941786385,
          3.185416736694854
        ],
        [
          0.2841056762420883,
          0.7558915201592841,
          0.5898406348713271,
          1.8953448379172575
        ],
        [
          0.0,
          0.0,
          0.0,
          1.0
        ]
      ]
    },
    {
      "file_path": "./images/00005807.png",
      "sharpness": 424.4953547632839,
      "transform_matrix": [
        [
          -0.9559671761080589,
          0.26602057756880726,
          0.12393470288733235,
          2.24693438019005
        ],
        [
          -0.06401790790210128,
          -0.6011587658159862,
          0.7965612630248264,
          3.1207255698794807
        ],
        [
          0.2864061202883224,
          0.7535523808155964,
          0.5917181285845778,
          1.8560119065790475
        ],
        [
          0.0,
          0.0,
          0.0,
          1.0
        ]
      ]
    },
    {
      "file_path": "./images/00005765.png",
      "sharpness": 436.3383150886771,
      "transform_matrix": [
        [
          -0.9542165206841796,
          0.26809960589409026,
          0.1326402391382085,
          2.5498647265537753
        ],
        [
          -0.059438304561924296,
          -0.6045492063174004,
          0.7943471187667728,
          3.0427961100185477
        ],
        [
          0.293151700781232,
          0.7500952329540697,
          0.5928062262626372,
          1.7748109574169004
        ],
        [
          0.0,
          0.0,
          0.0,
          1.0
        ]
      ]
    },
    {
      "file_path": "./images/00005643.png",
      "sharpness": 505.0820827651021,
      "transform_matrix": [
        [
          -0.9526054955714194,
          0.17782769056851608,
          0.24681993910547012,
          3.4427984553176136
        ],
        [
          0.09123766987945432,
          -0.6069901132289193,
          0.7894546789009358,
          3.132208250003018
        ],
        [
          0.2902041651422469,
          0.7745581417493738,
          0.5619975334918706,
          1.5421838156383596
        ],
        [
          0.0,
          0.0,
          0.0,
          1.0
        ]
      ]
    },
    {
      "file_path": "./images/00005625.png",
      "sharpness": 447.9202478877301,
      "transform_matrix": [
        [
          -0.9513918016623281,
          0.17859892619852477,
          0.25091046880565376,
          3.5652455616201753
        ],
        [
          0.09372843223906221,
          -0.6081436363903159,
          0.7882742533593491,
          3.125036801469745
        ],
        [
          0.29337454010779274,
          0.7734751069810996,
          0.5618430725426947,
          1.5074566983181301
        ],
        [
          0.0,
          0.0,
          0.0,
          1.0
        ]
      ]
    },
    {
      "file_path": "./images/00005594.png",
      "sharpness": 451.969802363073,
      "transform_matrix": [
        [
          -0.9485566009614625,
          0.16801192077814847,
          0.26835120516722727,
          3.7637629042618603
        ],
        [
          0.1143782768538817,
          -0.6084947073508772,
          0.7852718006596029,
          3.0968259325057845
        ],
        [
          0.2952253116172223,
          0.7755682985032502,
          0.5579747573182727,
          1.456515960893226
        ],
        [
          0.0,
          0.0,
          0.0,
          1.0
        ]
      ]
    },
    {
      "file_path": "./images/00005575.png",
      "sharpness": 465.61093445095497,
      "transform_matrix": [
        [
          -0.9465525971960558,
          0.16293363669555797,
          0.27837171343437656,
          3.874385094371054
        ],
        [
          0.12547499306331572,
          -0.6090543588420388,
          0.7831403540187046,
          3.068559232694842
        ],
        [
          0.2971434113688485,
          0.7762122248776454,
          0.5560578882613547,
          1.4330429188286669
        ],
        [
          0.0,
          0.0,
          0.0,
          1.0
        ]
      ]
    },
    {
      "file_path": "./images/00005430.png",
      "sharpness": 393.8952278446855,
      "transform_matrix": [
        [
          -0.7848295415481132,
          -0.14420321955117263,
          0.6027006074746268,
          4.213601717255314
        ],
        [
          0.5950838978645953,
          -0.4468155122239644,
          0.6680052788261366,
          3.0409823055072924
        ],
        [
          0.17296746876256222,
          0.8829277034741969,
          0.4364870275904551,
          1.3560657294183929
        ],
        [
          0.0,
          0.0,
          0.0,
          1.0
        ]
      ]
    },
    {
      "file_path": "./images/00005406.png",
      "sharpness": 401.0528904328333,
      "transform_matrix": [
        [
          -0.7842693574791108,
          -0.13965518036667735,
          0.604498143571908,
          4.165086371106853
        ],
        [
          0.5954325173560145,
          -0.4431609591287292,
          0.6701257207274263,
          3.1102503528037038
        ],
        [
          0.17430344870032458,
          0.8854969197891835,
          0.43071279628325393,
          1.3611676600877647
        ],
        [
          0.0,
          0.0,
          0.0,
          1.0
        ]
      ]
    },
    {
      "file_path": "./images/00005387.png",
      "sharpness": 363.48986544950503,
      "transform_matrix": [
        [
          -0.7848444857903559,
          -0.13655163577422713,
          0.6044607381440784,
          4.096578932861949
        ],
        [
          0.594525213556796,
          -0.4410789429087247,
          0.6723013733208018,
          3.181409921274441
        ],
        [
          0.17481105115020276,
          0.8870191750719219,
          0.4273617665603542,
          1.3726277476423339
        ],
        [
          0.0,
          0.0,
          0.0,
          1.0
        ]
      ]
    },
    {
      "file_path": "./images/00005324.png",
      "sharpness": 354.6844813181134,
      "transform_matrix": [
        [
          -0.7938405528278777,
          -0.13386926836932939,
          0.5932083914932589,
          3.6778868781895477
        ],
        [
          0.5838203324999459,
          -0.4407915996778631,
          0.6818039197704511,
          3.351937546655861
        ],
        [
          0.17020868391763425,
          0.8875707209541411,
          0.42807384794106595,
          1.45285892364739
        ],
        [
          0.0,
          0.0,
          0.0,
          1.0
        ]
      ]
    },
    {
      "file_path": "./images/00005304.png",
      "sharpness": 330.4359114226872,
      "transform_matrix": [
        [
          -0.792484986538821,
          -0.1394034162329673,
          0.5937459336441578,
          3.537426463802445
        ],
        [
          0.5872317367814857,
          -0.43730983887641267,
          0.6811159902246858,
          3.379867065160577
        ],
        [
          0.16470104268723013,
          0.8884406521653891,
          0.4284235920030258,
          1.4816010257334178
        ],
        [
          0.0,
          0.0,
          0.0,
          1.0
        ]
      ]
    },
    {
      "file_path": "./images/00005263.png",
      "sharpness": 336.9124453026618,
      "transform_matrix": [
        [
          -0.773880100943914,
          -0.16704604128293182,
          0.6109052377583352,
          3.2690072095717766
        ],
        [
          0.6170755751082933,
          -0.4160228210014313,
          0.6679391791263997,
          3.402282363113552
        ],
        [
          0.1425739246859364,
          0.8938795402931267,
          0.42503181470578827,
          1.5354676555530062
        ],
        [
          0.0,
          0.0,
          0.0,
          1.0
        ]
      ]
    },
    {
      "file_path": "./images/00005242.png",
      "sharpness": 346.8018565478842,
      "transform_matrix": [
        [
          -0.7566524622418481,
          -0.18820205918651187,
          0.6261445810411003,
          3.134848197751858
        ],
        [
          0.6415679086853739,
          -0.3982320570771713,
          0.6555927449739116,
          3.384617964386452
        ],
        [
          0.1259669399438931,
          0.8977701341056208,
          0.4220676680536494,
          1.5670575130152358
        ],
        [
          0.0,
          0.0,
          0.0,
          1.0
        ]
      ]
    },
    {
      "file_path": "./images/00005199.png",
      "sharpness": 387.5122135484473,
      "transform_matrix": [
        [
          -0.7018855835500498,
          -0.2483515359659786,
          0.6675912988152067,
          2.852300710585322
        ],
        [
          0.7079244714800375,
          -0.34682856865695755,
          0.6152665167586675,
          3.230292223913527
        ],
        [
          0.07873735015046483,
          0.9044509155323911,
          0.41924810214358826,
          1.6419414233807665
        ],
        [
          0.0,
          0.0,
          0.0,
          1.0
        ]
      ]
    },
    {
      "file_path": "./images/00005131.png",
      "sharpness": 632.616633768713,
      "transform_matrix": [
        [
          -0.5376318805767819,
          -0.3690762659445542,
          0.758112571436279,
          2.50417841503281
        ],
        [
          0.8429964001813082,
          -0.2165354905131416,
          0.49241187092804445,
          2.846976923618072
        ],
        [
          -0.017579257108760786,
          0.9038224888383541,
          0.42754634655981477,
          1.7645693015399473
        ],
        [
          0.0,
          0.0,
          0.0,
          1.0
        ]
      ]
    },
    {
      "file_path": "./images/00005084.png",
      "sharpness": 519.1747912207604,
      "transform_matrix": [
        [
          -0.40799954922863774,
          -0.42999284422078565,
          0.8053834625903223,
          2.4003477239133804
        ],
        [
          0.9098069939454921,
          -0.11798300103288537,
          0.3979085890457877,
          2.533171464690861
        ],
        [
          -0.07607628804501528,
          0.8950900320375975,
          0.4393475082566446,
          1.84413608076251
        ],
        [
          0.0,
          0.0,
          0.0,
          1.0
        ]
      ]
    },
    {
      "file_path": "./images/00005061.png",
      "sharpness": 535.5275020192415,
      "transform_matrix": [
        [
          -0.34059412641003933,
          -0.45276146617838964,
          0.8240161987878677,
          2.378742753746307
        ],
        [
          0.9346692551753343,
          -0.06803680534342099,
          0.34894752692907277,
          2.362765763311766
        ],
        [
          -0.10192656419497428,
          0.8890320848708175,
          0.4463551586447201,
          1.8744333585063728
        ],
        [
          0.0,
          0.0,
          0.0,
          1.0
        ]
      ]
    },
    {
      "file_path": "./images/00005037.png",
      "sharpness": 578.5207193456002,
      "transform_matrix": [
        [
          -0.27045354693424806,
          -0.47053710744464855,
          0.8399105366252629,
          2.373087127701826
        ],
        [
          0.9545108242741043,
          -0.017278747408258594,
          0.2976752109814322,
          2.182085982567735
        ],
        [
          -0.1255546307252958,
          0.8822110152750141,
          0.4538058608016888,
          1.9037397702718142
        ],
        [
          0.0,
          0.0,
          0.0,
          1.0
        ]
      ]
    },
    {
      "file_path": "./images/00004988.png",
      "sharpness": 652.8772026706082,
      "transform_matrix": [
        [
          -0.14546067107559144,
          -0.487428826101591,
          0.8609612841012615,
          2.37543773183923
        ],
        [
          0.9759199484749015,
          0.07228144446386194,
          0.20580487592919544,
          1.8212117181022343
        ],
        [
          -0.16254675432245194,
          0.8701658073822777,
          0.4651774074362201,
          1.9601207449140359
        ],
        [
          0.0,
          0.0,
          0.0,
          1.0
        ]
      ]
    },
    {
      "file_path": "./images/00004965.png",
      "sharpness": 669.7008015984322,
      "transform_matrix": [
        [
          -0.10811184178394327,
          -0.490399660422909,
          0.864765865878741,
          2.3824478305080166
        ],
        [
          0.9792491298683881,
          0.09745473761450395,
          0.17768994279294986,
          1.6585211017223465
        ],
        [
          -0.1714146181634208,
          0.8660316086834696,
          0.4696874295828117,
          1.9850563480586738
        ],
        [
          0.0,
          0.0,
          0.0,
          1.0
        ]
      ]
    },
    {
      "file_path": "./images/00004915.png",
      "sharpness": 688.5010882743503,
      "transform_matrix": [
        [
          -0.044104997210311046,
          -0.49421907132505105,
          0.8682178636871692,
          2.435626618015039
        ],
        [
          0.9823271808471807,
          0.13678367252248338,
          0.12776359693340197,
          1.3239586141792499
        ],
        [
          -0.18190123417033,
          0.8585090194833058,
          0.47945198356062896,
          2.031337954205243
        ],
        [
          0.0,
          0.0,
          0.0,
          1.0
        ]
      ]
    },
    {
      "file_path": "./images/00004819.png",
      "sharpness": 625.0693098958143,
      "transform_matrix": [
        [
          0.05523364879900909,
          -0.49519994165180947,
          0.867021488715373,
          2.7230145555788403
        ],
        [
          0.9790881023123307,
          0.1971397318468319,
          0.050223640241089336,
          0.8437602984774072
        ],
        [
          -0.19579512750771855,
          0.8461163891438622,
          0.49573311785020613,
          2.033363040954552
        ],
        [
          0.0,
          0.0,
          0.0,
          1.0
        ]
      ]
    },
    {
      "file_path": "./images/00004701.png",
      "sharpness": 564.1659808963307,
      "transform_matrix": [
        [
          0.11658545188471363,
          -0.49484404386781905,
          0.8611255452738646,
          3.2522016260169466
        ],
        [
          0.9715202020627203,
          0.236911903199695,
          0.004609458490774492,
          0.6645837783952052
        ],
        [
          -0.20629185490432214,
          0.8360634679447441,
          0.5083714667794013,
          1.8911087632321915
        ],
        [
          0.0,
          0.0,
          0.0,
          1.0
        ]
      ]
    },
    {
      "file_path": "./images/00004655.png",
      "sharpness": 595.5881152809416,
      "transform_matrix": [
        [
          0.15631674632578538,
          -0.4893204998321451,
          0.8579804912280752,
          3.4337799189192326
        ],
        [
          0.962583109421799,
          0.27014786599709034,
          -0.021304646308901685,
          0.5957810336552227
        ],
        [
          -0.22135679859178103,
          0.8292078020621925,
          0.5132402836717747,
          1.8406339460885761
        ],
        [
          0.0,
          0.0,
          0.0,
          1.0
        ]
      ]
    },
    {
      "file_path": "./images/00004609.png",
      "sharpness": 566.4505360888717,
      "transform_matrix": [
        [
          0.20534242959179716,
          -0.475408572371972,
          0.85546547328949,
          3.56176279557067
        ],
        [
          0.9488753314361491,
          0.310816476440326,
          -0.05503383837627918,
          0.478390537861859
        ],
        [
          -0.2397292055895783,
          0.8230308665816944,
          0.5149272771064599,
          1.8169927810687057
        ],
        [
          0.0,
          0.0,
          0.0,
          1.0
        ]
      ]
    },
    {
      "file_path": "./images/00004586.png",
      "sharpness": 572.2766737355121,
      "transform_matrix": [
        [
          0.226746482203172,
          -0.468814239182039,
          0.853697394873899,
          3.5976994808749976
        ],
        [
          0.9419187601963296,
          0.3285129302871592,
          -0.06977323144029865,
          0.3964600621114991
        ],
        [
          -0.24773994835558272,
          0.8199344265434949,
          0.5160740782336012,
          1.8200706696495645
        ],
        [
          0.0,
          0.0,
          0.0,
          1.0
        ]
      ]
    },
    {
      "file_path": "./images/00004563.png",
      "sharpness": 626.581174909539,
      "transform_matrix": [
        [
          0.24818276404861703,
          -0.46191559265283216,
          0.851492396301459,
          3.6156308268886006
        ],
        [
          0.9343127642298314,
          0.34630349224824647,
          -0.0844603448675663,
          0.29372841402775857
        ],
        [
          -0.2558612402068585,
          0.8165218163508315,
          0.5175201921181872,
          1.83453574771168
        ],
        [
          0.0,
          0.0,
          0.0,
          1.0
        ]
      ]
    },
    {
      "file_path": "./images/00004422.png",
      "sharpness": 592.1760589331157,
      "transform_matrix": [
        [
          0.413106830222928,
          -0.41652467425016826,
          0.8098456288884851,
          3.379848843597768
        ],
        [
          0.8643327189855209,
          0.45941608999493283,
          -0.2046113563469361,
          -0.5397720158559678
        ],
        [
          -0.2868304337731425,
          0.7845024232238201,
          0.5498038289104245,
          2.039662240127282
        ],
        [
          0.0,
          0.0,
          0.0,
          1.0
        ]
      ]
    },
    {
      "file_path": "./images/00004377.png",
      "sharpness": 609.602540853965,
      "transform_matrix": [
        [
          0.4648953173098849,
          -0.4002219636537443,
          0.7897434544320783,
          3.3842591973853846
        ],
        [
          0.835661092351659,
          0.4930217530864634,
          -0.24207455404162312,
          -0.7911266901770331
        ],
        [
          -0.2924771490235198,
          0.7724972044221126,
          0.5636534276718211,
          2.0683788317440985
        ],
        [
          0.0,
          0.0,
          0.0,
          1.0
        ]
      ]
    },
    {
      "file_path": "./images/00004363.png",
      "sharpness": 610.6135946744176,
      "transform_matrix": [
        [
          0.479612841886023,
          -0.3943559617688043,
          0.7838717352866115,
          3.385256657230917
        ],
        [
          0.8264751588043592,
          0.5031455915574555,
          -0.25255360931270754,
          -0.8570612583215266
        ],
        [
          -0.2948055864572557,
          0.7689784711942907,
          0.5672404931776138,
          2.07207865469741
        ],
        [
          0.0,
          0.0,
          0.0,
          1.0
        ]
      ]
    },
    {
      "file_path": "./images/00004303.png",
      "sharpness": 615.9516985397236,
      "transform_matrix": [
        [
          0.5475045302611222,
          -0.3584337929568865,
          0.7561507822358694,
          3.343025303424119
        ],
        [
          0.7773166936340629,
          0.5524543944062036,
          -0.3009533184737322,
          -1.1564412315141903
        ],
        [
          -0.30986698303639265,
          0.7525419311978828,
          0.5810878545280248,
          2.1149388014608563
        ],
        [
          0.0,
          0.0,
          0.0,
          1.0
        ]
      ]
    },
    {
      "file_path": "./images/00004289.png",
      "sharpness": 627.3828759205563,
      "transform_matrix": [
        [
          0.5656440866475609,
          -0.3477984048755893,
          0.7477185545861971,
          3.317993823731334
        ],
        [
          0.7624794129859164,
          0.5659561523788991,
          -0.31355825353256594,
          -1.229836403132781
        ],
        [
          -0.3141208558017138,
          0.7474823765097941,
          0.5853188744819079,
          2.13338636186536
        ],
        [
          0.0,
          0.0,
          0.0,
          1.0
        ]
      ]
    },
    {
      "file_path": "./images/00004275.png",
      "sharpness": 632.0585111074755,
      "transform_matrix": [
        [
          0.5856369696818048,
          -0.3353077342667973,
          0.7379688768156891,
          3.2815902777664796
        ],
        [
          0.7452201178651425,
          0.580875023225055,
          -0.32746172802882345,
          -1.303956514915249
        ],
        [
          -0.3188672383752463,
          0.7417229474509623,
          0.5900599576167657,
          2.1538565268018925
        ],
        [
          0.0,
          0.0,
          0.0,
          1.0
        ]
      ]
    },
    {
      "file_path": "./images/00004230.png",
      "sharpness": 650.9924027143398,
      "transform_matrix": [
        [
          0.6524675073847321,
          -0.2916455735482721,
          0.699449076990372,
          3.0992020681175987
        ],
        [
          0.6821282958812523,
          0.628105366919814,
          -0.3744123876235038,
          -1.5257853051513763
        ],
        [
          -0.33013200361272804,
          0.7214059242298312,
          0.608758041214937,
          2.2324993055266638
        ],
        [
          0.0,
          0.0,
          0.0,
          1.0
        ]
      ]
    },
    {
      "file_path": "./images/00002206.png",
      "sharpness": 369.2308959137906,
      "transform_matrix": [
        [
          -0.922473013490151,
          -0.03587838669090956,
          0.38439079179486924,
          1.1068447304153597
        ],
        [
          0.343117539456633,
          -0.5325750625236997,
          0.7737145189902873,
          3.8996526129343922
        ],
        [
          0.17695732127298217,
          0.8456219865844955,
          0.5035966265970017,
          1.936798939675074
        ],
        [
          0.0,
          0.0,
          0.0,
          1.0
        ]
      ]
    },
    {
      "file_path": "./images/00002189.png",
      "sharpness": 376.28437281346726,
      "transform_matrix": [
        [
          -0.9106463393020028,
          -0.06058722019528362,
          0.4087204833754963,
          1.2152157492056317
        ],
        [
          0.378100585499194,
          -0.5210968074483734,
          0.7651784527242962,
          3.8927758919390403
        ],
        [
          0.16662290362183363,
          0.8513444109559397,
          0.4974429635544272,
          1.9087423701494883
        ],
        [
          0.0,
          0.0,
          0.0,
          1.0
        ]
      ]
    },
    {
      "file_path": "./images/00002172.png",
      "sharpness": 390.5491822144295,
      "transform_matrix": [
        [
          -0.8971740470848161,
          -0.08599346303927961,
          0.4332249457473497,
          1.3217430133433041
        ],
        [
          0.4134848074505001,
          -0.5083487265499528,
          0.7553885663841705,
          3.8727285694000004
        ],
        [
          0.15527087071668597,
          0.8568469504995796,
          0.4916342748360319,
          1.8840067659371367
        ],
        [
          0.0,
          0.0,
          0.0,
          1.0
        ]
      ]
    },
    {
      "file_path": "./images/00002099.png",
      "sharpness": 411.0048404901186,
      "transform_matrix": [
        [
          -0.8226589558009993,
          -0.1866711679166173,
          0.5370159379151469,
          1.761704911358041
        ],
        [
          0.5583182453101744,
          -0.4435205066381415,
          0.7011207436287156,
          3.6608981418706263
        ],
        [
          0.10729855279314322,
          0.8766090550044017,
          0.46908803578847036,
          1.8028824587396384
        ],
        [
          0.0,
          0.0,
          0.0,
          1.0
        ]
      ]
    },
    {
      "file_path": "./images/00002082.png",
      "sharpness": 423.4687317874058,
      "transform_matrix": [
        [
          -0.8039918209726441,
          -0.2051804303468084,
          0.5581201867677066,
          1.8628224986764355
        ],
        [
          0.58636181300381,
          -0.4296255469993293,
          0.6867326361967083,
          3.6069175483686897
        ],
        [
          0.09887859270340504,
          0.8793877872842736,
          0.4657253949994156,
          1.7868464223912355
        ],
        [
          0.0,
          0.0,
          0.0,
          1.0
        ]
      ]
    },
    {
      "file_path": "./images/00002048.png",
      "sharpness": 437.6458972965937,
      "transform_matrix": [
        [
          -0.7646344429630447,
          -0.23977277306762426,
          0.5981999548611528,
          2.0657158164292233
        ],
        [
          0.6392359514010565,
          -0.400168374878793,
          0.6566906959783426,
          3.5239412633185827
        ],
        [
          0.08192415456691936,
          0.8845192417921525,
          0.4592538991288254,
          1.7510944122449077
        ],
        [
          0.0,
          0.0,
          0.0,
          1.0
        ]
      ]
    },
    {
      "file_path": "./images/00001993.png",
      "sharpness": 428.65465103081624,
      "transform_matrix": [
        [
          -0.6922471452434011,
          -0.29723347479671014,
          0.6576063803130748,
          2.373965848908575
        ],
        [
          0.7200060984581773,
          -0.34613241932759187,
          0.6014844690220436,
          3.446014746529016
        ],
        [
          0.04883756861934889,
          0.8898565107991743,
          0.4536190936752636,
          1.6904758837083493
        ],
        [
          0.0,
          0.0,
          0.0,
          1.0
        ]
      ]
    },
    {
      "file_path": "./images/00001918.png",
      "sharpness": 441.13971842738823,
      "transform_matrix": [
        [
          -0.5828605427954948,
          -0.3622280680020715,
          0.7273681423250935,
          2.8000576123424863
        ],
        [
          0.8125533173822832,
          -0.2537180678493965,
          0.5247706627271423,
          3.265929557725175
        ],
        [
          -0.00554022361789201,
          0.8968935103247369,
          0.4422118690477821,
          1.6294394946012014
        ],
        [
          0.0,
          0.0,
          0.0,
          1.0
        ]
      ]
    },
    {
      "file_path": "./images/00001881.png",
      "sharpness": 451.22795123017886,
      "transform_matrix": [
        [
          -0.5210897081110788,
          -0.389614374782429,
          0.7593853798496766,
          2.993963986244326
        ],
        [
          0.8528663161500432,
          -0.20336412606966442,
          0.48089716053002945,
          3.092867148308007
        ],
        [
          -0.032932702411343266,
          0.8982447724626342,
          0.43825992963369864,
          1.6118630514978556
        ],
        [
          0.0,
          0.0,
          0.0,
          1.0
        ]
      ]
    },
    {
      "file_path": "./images/00001811.png",
      "sharpness": 464.40827488995666,
      "transform_matrix": [
        [
          -0.4231810144656158,
          -0.4234568447489358,
          0.801000705178814,
          3.2901608485394935
        ],
        [
          0.9036051482890817,
          -0.13241127359539753,
          0.4073880099015924,
          2.683681452150605
        ],
        [
          -0.0664497177379382,
          0.8961872322940457,
          0.43867172208017324,
          1.601739331767085
        ],
        [
          0.0,
          0.0,
          0.0,
          1.0
        ]
      ]
    },
    {
      "file_path": "./images/00001777.png",
      "sharpness": 473.2471207189197,
      "transform_matrix": [
        [
          -0.3929220650977904,
          -0.4313947485109373,
          0.8121027162756584,
          3.4375915338241314
        ],
        [
          0.9166429074510395,
          -0.11331376832486291,
          0.3833089747566482,
          2.519784205982336
        ],
        [
          -0.07333505971907774,
          0.8950187489277052,
          0.4399584163883934,
          1.5872799930796941
        ],
        [
          0.0,
          0.0,
          0.0,
          1.0
        ]
      ]
    },
    {
      "file_path": "./images/00001689.png",
      "sharpness": 421.78986296227987,
      "transform_matrix": [
        [
          -0.29459164977323216,
          -0.4615319661132926,
          0.8367819334840549,
          3.8356884003006506
        ],
        [
          0.9499126150221107,
          -0.04584222450520348,
          0.3091351068312016,
          2.2589559893286895
        ],
        [
          -0.10431578839377297,
          0.8859383357633247,
          0.4519197733932368,
          1.5200101887401236
        ],
        [
          0.0,
          0.0,
          0.0,
          1.0
        ]
      ]
    },
    {
      "file_path": "./images/00001625.png",
      "sharpness": 416.31007050741596,
      "transform_matrix": [
        [
          -0.23637213068176052,
          -0.4667115332635189,
          0.8522373851349223,
          4.095115632849343
        ],
        [
          0.9633086414618237,
          0.002207211933773332,
          0.2683870144059199,
          2.0449464823687538
        ],
        [
          -0.1271403835282826,
          0.8844068481197426,
          0.449065529674993,
          1.492008616556003
        ],
        [
          0.0,
          0.0,
          0.0,
          1.0
        ]
      ]
    },
    {
      "file_path": "./images/00001609.png",
      "sharpness": 384.6190364352568,
      "transform_matrix": [
        [
          -0.2232819983740516,
          -0.4677207943367733,
          0.8552089848761514,
          4.145085879301259
        ],
        [
          0.9657090641547484,
          0.013099295820248054,
          0.25929599275662113,
