# 相机参数
Camera.fx: 1059.6885013929655
Camera.fy: 1059.6885013929655
Camera.cx: 640.0
Camera.cy: 360.0
Camera.k1: 0
Camera.k2: 0
Camera.p1: 0
Camera.p2: 0

# 深度图处理参数
min_depth_percentile: 5
max_depth_percentile: 95

# 第一个点云
PointCloudA:
  image_num: 2
  image_path:
    - "data/NWPU001/image/00006212.png"
    - "data/NWPU001/image/00006241.png"
  image_depth:
    - "data/NWPU001/depth/00006212.png.geometric.bin"
    - "data/NWPU001/depth/00006241.png.geometric.bin"
  image_pose:
    - [ -0.9638593498199035,0.2524808343001226,0.08502106881059508,-0.31763687074135505,
        -0.08653962381722385,-0.598550565247501,0.7963969577746629,3.2058714579891507,
        0.25196437712755465,0.7602569626078293,0.5987681550751839,2.4748620607252114,
        0.0,0.0,0.0,1.0 ]
    - [ -0.9633658578325699,0.253164643719813,0.0885092492260917,-0.3706641030470305,
        -0.08303227202452754,-0.5953573391548064,0.7991591083871985,3.333959173277568,
        0.2550134620601241,0.7625334759377178,0.5945677693161223,2.461515628911659,
        0.0,0.0,0.0,1.0 ]

# 第二个点云
PointCloudB:
  image_num: 2
  image_path:
    - "data/NWPU002/image/00000205.png"
    - "data/NWPU002/image/00000229.png"
  image_depth:
    - "data/NWPU002/depth/00000205.png.geometric.bin"
    - "data/NWPU002/depth/00000229.png.geometric.bin"
  image_pose:
    - [ 0.05868546519846942,-0.5039381743280221,0.8617437743881499,0.7349980028827078,
        0.9980690613369494,0.01202075503245364,-0.0609397263745716,0.9966918732583193,
        0.020351043640588883,0.8636560762078996,0.5036705442245414,2.674246445660617,
        0.0,0.0,0.0,1.0 ]
    - [ 0.05891692917595151,-0.5000034350165266,0.8640169908604258,0.9275092486759046,
        0.9980458872742085,0.011457643762618574,-0.0614258031662917,1.0206570547246614,
        0.020813513695666457,0.8659476239580097,0.49970142112730676,2.627928088149799,
        0.0,0.0,0.0,1.0 ]
