# 相机参数
Camera.fx: 1059.6885013929655
Camera.fy: 1059.6885013929655
Camera.cx: 640.0
Camera.cy: 360.0
Camera.k1: 0
Camera.k2: 0
Camera.p1: 0
Camera.p2: 0

# 深度图处理参数
min_depth_percentile: 5
max_depth_percentile: 95

# 第一个点云
PointCloudA:
  image_num: 6
  image_path:
    - "data/NWPU001/image/00006121.png"
    - "data/NWPU001/image/00006144.png"
    - "data/NWPU001/image/00006166.png"
    - "data/NWPU001/image/00006189.png"
    - "data/NWPU001/image/00006212.png"
    - "data/NWPU001/image/00006241.png"
  image_depth:
    - "data/NWPU001/depth/00006121.png.geometric.bin"
    - "data/NWPU001/depth/00006144.png.geometric.bin"
    - "data/NWPU001/depth/00006166.png.geometric.bin"
    - "data/NWPU001/depth/00006189.png.geometric.bin"
    - "data/NWPU001/depth/00006212.png.geometric.bin"
    - "data/NWPU001/depth/00006241.png.geometric.bin"
  image_pose:
    - [ -0.9631670829637323,0.2540608702278063,0.08810360140229359,0.17700850957479905,
        -0.08761081907030677,-0.6062484504537711,0.7904347921906649,2.9927675474504496,
        0.2542312229918327,0.7536019443854279,0.6061770325092147,2.3851877887075714 ,
        0.0,0.0,0.0,1.0 ]
    - [ -0.9637230962543784,0.25292354407275547,0.08524948483938108,0.013744492251830285,
        -0.08896056564037286,-0.6055262421202787,0.7908375230512942,3.00618761941329,
        0.2516422293133327,0.7545645439572755,0.6060598464639138,2.4239729477797454,
        0.0,0.0,0.0,1.0 ]
    - [ -0.9639237250690386,0.2524864337176142,0.08427130652493048,-0.1191342308599345,
        -0.08910480361653915,-0.6044111775105762,0.7916738359160325,3.046692556645398,
        0.25082142310507066,0.7556042147374639,0.605104027791607,2.4510422633203026,
        0.0,0.0,0.0,1.0 ]
    - [ -0.9639937319552891,0.2522480977759733,0.08418421458412861,-0.23579360560977503,
        -0.08828138373501722,-0.6021835192351778,0.7934616603520522,3.116556598181998,
        0.2508435410842902,0.7574601681740826,0.6027699491456775,2.469660087703704,
        0.0,0.0,0.0,1.0 ]
    - [ -0.9638593498199035,0.2524808343001226,0.08502106881059508,-0.31763687074135505,
        -0.08653962381722385,-0.598550565247501,0.7963969577746629,3.2058714579891507,
        0.25196437712755465,0.7602569626078293,0.5987681550751839,2.4748620607252114,
        0.0,0.0,0.0,1.0 ]
    - [ -0.9633658578325699,0.253164643719813,0.0885092492260917,-0.3706641030470305,
        -0.08303227202452754,-0.5953573391548064,0.7991591083871985,3.333959173277568,
        0.2550134620601241,0.7625334759377178,0.5945677693161223,2.461515628911659,
        0.0,0.0,0.0,1.0 ]

# 第二个点云
PointCloudB:
  image_num: 6
  image_path:
    - "data/NWPU002/image/00000001.png"
    - "data/NWPU002/image/00000110.png"
    - "data/NWPU002/image/00000113.png"
    - "data/NWPU002/image/00000146.png"
    - "data/NWPU002/image/00000205.png"
    - "data/NWPU002/image/00000229.png"
  image_depth:
    - "data/NWPU002/depth/00000001.png.geometric.bin"
    - "data/NWPU002/depth/00000110.png.geometric.bin"
    - "data/NWPU002/depth/00000113.png.geometric.bin"
    - "data/NWPU002/depth/00000146.png.geometric.bin"
    - "data/NWPU002/depth/00000205.png.geometric.bin"
    - "data/NWPU002/depth/00000229.png.geometric.bin"
  image_pose:
    - [ 0.0688808400395686,-0.5213531196944995,0.850556496963965,0.03357169303328807,
        0.997159132443602,0.009930481794487455,-0.07466625821500576,0.7834288519157928,
        0.030481050848024622,0.8532832531953172,0.5205560444593343,2.8144589931511352,
        0.0,0.0,0.0,1.0 ]
    - [ 0.06410173107566308,-0.5164677158585083,0.8539040148730734,0.1590358740523848,
        0.9976138964269083,0.011178110361890354,-0.06812902101774813,0.8192865408374895,
        0.025641406552000198,0.8562336996358352,0.5159519066206636,2.7925405569651214,
        0.0,0.0,0.0,1.0 ]
    - [ 0.0639319825367532,-0.5163423588585755,0.8539925468788573,0.16992463055247517,
        0.9976337776359461,0.011382352193837703,-0.067803302121242,0.8239371207334172,
        0.025289273016195147,0.8563066101428467,0.5158482743632197,2.7904334610468946,
        0.0,0.0,0.0,1.0 ]
    - [ 0.06147808206764146,-0.5128733694390603,0.8562600962399594,0.32737732410192355,
        0.9978508496126209,0.012093250593175276,-0.06440058398523,0.8856099260859619,
        0.022674376585581885,0.8583790889098761,0.5125145972908856,2.758118525044297,
        0.0,0.0,0.0,1.0 ]
    - [ 0.05868546519846942,-0.5039381743280221,0.8617437743881499,0.7349980028827078,
        0.9980690613369494,0.01202075503245364,-0.0609397263745716,0.9966918732583193,
        0.020351043640588883,0.8636560762078996,0.5036705442245414,2.674246445660617,
        0.0,0.0,0.0,1.0 ]
    - [ 0.05891692917595151,-0.5000034350165266,0.8640169908604258,0.9275092486759046,
        0.9980458872742085,0.011457643762618574,-0.0614258031662917,1.0206570547246614,
        0.020813513695666457,0.8659476239580097,0.49970142112730676,2.627928088149799,
        0.0,0.0,0.0,1.0 ]
